
succ_low =

         0   -0.2902   -0.5858
         0   -0.0716   -0.1057
         0   -0.1650   -0.3300


succ_up =

         0   -0.2590   -0.5226
         0   -0.0374   -0.0290
         0   -0.1350   -0.2700


succ_low =

         0   -0.1556   -0.3197
         0   -0.0807   -0.1420
         0   -0.1650   -0.3300


succ_up =

         0   -0.1246   -0.2569
         0   -0.0485   -0.0731
         0   -0.1350   -0.2700


succ_low =

         0   -0.0212   -0.0545
         0   -0.0898   -0.1782
         0   -0.1650   -0.3300


succ_up =

         0    0.0099    0.0099
         0   -0.0597   -0.1173
         0   -0.1350   -0.2700


succ_low =

         0    0.1132    0.2106
         0   -0.1008   -0.2214
         0   -0.1650   -0.3300


succ_up =

         0    0.1445    0.2766
         0   -0.0689   -0.1544
         0   -0.1350   -0.2700


succ_low =

         0    0.2476    0.4757
         0   -0.1119   -0.2656
         0   -0.1650   -0.3300


succ_up =

         0    0.2791    0.5433
         0   -0.0780   -0.1906
         0   -0.1350   -0.2700


succ_low =

         0    0.2507    0.4880
         0   -0.0746   -0.1919
         0   -0.1650   -0.3300


succ_up =

         0    0.2817    0.5534
         0   -0.0406   -0.1166
         0   -0.1350   -0.2700


succ_low =

         0    0.1163    0.2229
         0   -0.0634   -0.1478
         0   -0.1650   -0.3300


succ_up =

         0    0.1471    0.2867
         0   -0.0315   -0.0803
         0   -0.1350   -0.2700


succ_low =

         0   -0.0181   -0.0423
         0   -0.0524   -0.1041
         0   -0.1650   -0.3300


succ_up =

         0    0.0125    0.0199
         0   -0.0223   -0.0436
         0   -0.1350   -0.2700


succ_low =

         0   -0.1526   -0.3079
         0   -0.0433   -0.0679
         0   -0.1650   -0.3300


succ_up =

         0   -0.1220   -0.2463
         0   -0.0112    0.0005
         0   -0.1350   -0.2700


succ_low =

         0   -0.2873   -0.5758
         0   -0.0342   -0.0316
         0   -0.1650   -0.3300


succ_up =

         0   -0.2563   -0.5103
         0   -0.0001    0.0446
         0   -0.1350   -0.2700


succ_low =

         0   -0.2842   -0.5635
         0    0.0032    0.0425
         0   -0.1650   -0.3300


succ_up =

         0   -0.2538   -0.5003
         0    0.0372    0.1183
         0   -0.1350   -0.2700


succ_low =

         0   -0.1496   -0.2967
         0   -0.0059    0.0062
         0   -0.1650   -0.3300


succ_up =

         0   -0.1194   -0.2351
         0    0.0261    0.0741
         0   -0.1350   -0.2700


succ_low =

         0   -0.0150   -0.0300
         0   -0.0150   -0.0300
         0   -0.1650   -0.3300


succ_up =

         0    0.0150    0.0300
         0    0.0150    0.0300
         0   -0.1350   -0.2700


succ_low =

         0    0.1194    0.2351
         0   -0.0261   -0.0741
         0   -0.1650   -0.3300


succ_up =

         0    0.1496    0.2967
         0    0.0059   -0.0062
         0   -0.1350   -0.2700


succ_low =

         0    0.2538    0.5003
         0   -0.0372   -0.1183
         0   -0.1650   -0.3300


succ_up =

         0    0.2842    0.5635
         0   -0.0032   -0.0425
         0   -0.1350   -0.2700


succ_low =

         0    0.2563    0.5103
         0    0.0001   -0.0446
         0   -0.1650   -0.3300


succ_up =

         0    0.2873    0.5758
         0    0.0342    0.0316
         0   -0.1350   -0.2700


succ_low =

         0    0.1220    0.2463
         0    0.0112   -0.0005
         0   -0.1650   -0.3300


succ_up =

         0    0.1526    0.3079
         0    0.0433    0.0679
         0   -0.1350   -0.2700


succ_low =

         0   -0.0125   -0.0199
         0    0.0223    0.0436
         0   -0.1650   -0.3300


succ_up =

         0    0.0181    0.0423
         0    0.0524    0.1041
         0   -0.1350   -0.2700


succ_low =

         0   -0.1471   -0.2867
         0    0.0315    0.0803
         0   -0.1650   -0.3300


succ_up =

         0   -0.1163   -0.2229
         0    0.0634    0.1478
         0   -0.1350   -0.2700


succ_low =

         0   -0.2817   -0.5534
         0    0.0406    0.1166
         0   -0.1650   -0.3300


succ_up =

         0   -0.2507   -0.4880
         0    0.0746    0.1919
         0   -0.1350   -0.2700


succ_low =

         0   -0.2791   -0.5433
         0    0.0780    0.1906
         0   -0.1650   -0.3300


succ_up =

         0   -0.2476   -0.4757
         0    0.1119    0.2656
         0   -0.1350   -0.2700


succ_low =

         0   -0.1445   -0.2766
         0    0.0689    0.1544
         0   -0.1650   -0.3300


succ_up =

         0   -0.1132   -0.2106
         0    0.1008    0.2214
         0   -0.1350   -0.2700


succ_low =

         0   -0.0099   -0.0099
         0    0.0597    0.1173
         0   -0.1650   -0.3300


succ_up =

         0    0.0212    0.0545
         0    0.0898    0.1782
         0   -0.1350   -0.2700


succ_low =

         0    0.1246    0.2569
         0    0.0485    0.0731
         0   -0.1650   -0.3300


succ_up =

         0    0.1556    0.3197
         0    0.0807    0.1420
         0   -0.1350   -0.2700


succ_low =

         0    0.2590    0.5226
         0    0.0374    0.0290
         0   -0.1650   -0.3300


succ_up =

         0    0.2902    0.5858
         0    0.0716    0.1057
         0   -0.1350   -0.2700


succ_low =

         0    0.2571    0.5177
         0    0.0478    0.0707
         0   -0.0900   -0.1800


succ_up =

         0    0.2880    0.5806
         0    0.0819    0.1473
         0   -0.0600   -0.1200


succ_low =

         0    0.1222    0.2483
         0    0.0538    0.0950
         0   -0.0900   -0.1800


succ_up =

         0    0.1532    0.3120
         0    0.0859    0.1635
         0   -0.0600   -0.1200


succ_low =

         0   -0.0128   -0.0210
         0    0.0599    0.1192
         0   -0.0900   -0.1800


succ_up =

         0    0.0184    0.0435
         0    0.0900    0.1796
         0   -0.0600   -0.1200


succ_low =

         0   -0.1477   -0.2904
         0    0.0640    0.1358
         0   -0.0900   -0.1800


succ_up =

         0   -0.1164   -0.2251
         0    0.0960    0.2034
         0   -0.0600   -0.1200


succ_low =

         0   -0.2826   -0.5597
         0    0.0681    0.1520
         0   -0.0900   -0.1800


succ_up =

         0   -0.2513   -0.4936
         0    0.1020    0.2277
         0   -0.0600   -0.1200


succ_low =

         0   -0.2837   -0.5642
         0    0.0306    0.0772
         0   -0.0900   -0.1800


succ_up =

         0   -0.2529   -0.5004
         0    0.0646    0.1531
         0   -0.0600   -0.1200


succ_low =

         0   -0.1488   -0.2949
         0    0.0265    0.0610
         0   -0.0900   -0.1800


succ_up =

         0   -0.1181   -0.2318
         0    0.0585    0.1288
         0   -0.0600   -0.1200


succ_low =

         0   -0.0139   -0.0255
         0    0.0224    0.0446
         0   -0.0900   -0.1800


succ_up =

         0    0.0167    0.0367
         0    0.0525    0.1048
         0   -0.0600   -0.1200


succ_low =

         0    0.1210    0.2438
         0    0.0164    0.0204
         0   -0.0900   -0.1800


succ_up =

         0    0.1515    0.3053
         0    0.0484    0.0886
         0   -0.0600   -0.1200


succ_low =

         0    0.2558    0.5125
         0    0.0103   -0.0039
         0   -0.0900   -0.1800


succ_up =

         0    0.2865    0.5745
         0    0.0444    0.0725
         0   -0.0600   -0.1200


succ_low =

         0    0.2546    0.5071
         0   -0.0271   -0.0785
         0   -0.0900   -0.1800


succ_up =

         0    0.2848    0.5687
         0    0.0069   -0.0024
         0   -0.0600   -0.1200


succ_low =

         0    0.1198    0.2385
         0   -0.0211   -0.0542
         0   -0.0900   -0.1800


succ_up =

         0    0.1499    0.2994
         0    0.0110    0.0138
         0   -0.0600   -0.1200


succ_low =

         0   -0.0150   -0.0300
         0   -0.0150   -0.0300
         0   -0.0900   -0.1800


succ_up =

         0    0.0150    0.0300
         0    0.0150    0.0300
         0   -0.0600   -0.1200


succ_low =

         0   -0.1499   -0.2994
         0   -0.0110   -0.0138
         0   -0.0900   -0.1800


succ_up =

         0   -0.1198   -0.2385
         0    0.0211    0.0542
         0   -0.0600   -0.1200


succ_low =

         0   -0.2848   -0.5687
         0   -0.0069    0.0024
         0   -0.0900   -0.1800


succ_up =

         0   -0.2546   -0.5071
         0    0.0271    0.0785
         0   -0.0600   -0.1200


succ_low =

         0   -0.2865   -0.5745
         0   -0.0444   -0.0725
         0   -0.0900   -0.1800


succ_up =

         0   -0.2558   -0.5125
         0   -0.0103    0.0039
         0   -0.0600   -0.1200


succ_low =

         0   -0.1515   -0.3053
         0   -0.0484   -0.0886
         0   -0.0900   -0.1800


succ_up =

         0   -0.1210   -0.2438
         0   -0.0164   -0.0204
         0   -0.0600   -0.1200


succ_low =

         0   -0.0167   -0.0367
         0   -0.0525   -0.1048
         0   -0.0900   -0.1800


succ_up =

         0    0.0139    0.0255
         0   -0.0224   -0.0446
         0   -0.0600   -0.1200


succ_low =

         0    0.1181    0.2318
         0   -0.0585   -0.1288
         0   -0.0900   -0.1800


succ_up =

         0    0.1488    0.2949
         0   -0.0265   -0.0610
         0   -0.0600   -0.1200


succ_low =

         0    0.2529    0.5004
         0   -0.0646   -0.1531
         0   -0.0900   -0.1800


succ_up =

         0    0.2837    0.5642
         0   -0.0306   -0.0772
         0   -0.0600   -0.1200


succ_low =

         0    0.2513    0.4936
         0   -0.1020   -0.2277
         0   -0.0900   -0.1800


succ_up =

         0    0.2826    0.5597
         0   -0.0681   -0.1520
         0   -0.0600   -0.1200


succ_low =

         0    0.1164    0.2251
         0   -0.0960   -0.2034
         0   -0.0900   -0.1800


succ_up =

         0    0.1477    0.2904
         0   -0.0640   -0.1358
         0   -0.0600   -0.1200


succ_low =

         0   -0.0184   -0.0435
         0   -0.0900   -0.1796
         0   -0.0900   -0.1800


succ_up =

         0    0.0128    0.0210
         0   -0.0599   -0.1192
         0   -0.0600   -0.1200


succ_low =

         0   -0.1532   -0.3120
         0   -0.0859   -0.1635
         0   -0.0900   -0.1800


succ_up =

         0   -0.1222   -0.2483
         0   -0.0538   -0.0950
         0   -0.0600   -0.1200


succ_low =

         0   -0.2880   -0.5806
         0   -0.0819   -0.1473
         0   -0.0900   -0.1800


succ_up =

         0   -0.2571   -0.5177
         0   -0.0478   -0.0707
         0   -0.0600   -0.1200


succ_low =

         0   -0.2856   -0.5722
         0   -0.0920   -0.1881
         0   -0.0150   -0.0300


succ_up =

         0   -0.2544   -0.5077
         0   -0.0580   -0.1119
         0    0.0150    0.0300


succ_low =

         0   -0.1506   -0.3022
         0   -0.0910   -0.1840
         0   -0.0150   -0.0300


succ_up =

         0   -0.1194   -0.2377
         0   -0.0590   -0.1159
         0    0.0150    0.0300


succ_low =

         0   -0.0156   -0.0322
         0   -0.0900   -0.1801
         0   -0.0150   -0.0300


succ_up =

         0    0.0156    0.0322
         0   -0.0600   -0.1198
         0    0.0150    0.0300


succ_low =

         0    0.1194    0.2377
         0   -0.0910   -0.1840
         0   -0.0150   -0.0300


succ_up =

         0    0.1506    0.3022
         0   -0.0590   -0.1159
         0    0.0150    0.0300


succ_low =

         0    0.2544    0.5077
         0   -0.0920   -0.1881
         0   -0.0150   -0.0300


succ_up =

         0    0.2856    0.5722
         0   -0.0580   -0.1119
         0    0.0150    0.0300


succ_low =

         0    0.2547    0.5088
         0   -0.0545   -0.1131
         0   -0.0150   -0.0300


succ_up =

         0    0.2853    0.5710
         0   -0.0205   -0.0369
         0    0.0150    0.0300


succ_low =

         0    0.1197    0.2388
         0   -0.0535   -0.1090
         0   -0.0150   -0.0300


succ_up =

         0    0.1503    0.3011
         0   -0.0215   -0.0409
         0    0.0150    0.0300


succ_low =

         0   -0.0153   -0.0311
         0   -0.0525   -0.1051
         0   -0.0150   -0.0300


succ_up =

         0    0.0153    0.0311
         0   -0.0225   -0.0449
         0    0.0150    0.0300


succ_low =

         0   -0.1503   -0.3011
         0   -0.0535   -0.1090
         0   -0.0150   -0.0300


succ_up =

         0   -0.1197   -0.2388
         0   -0.0215   -0.0409
         0    0.0150    0.0300


succ_low =

         0   -0.2853   -0.5710
         0   -0.0545   -0.1131
         0   -0.0150   -0.0300


succ_up =

         0   -0.2547   -0.5088
         0   -0.0205   -0.0369
         0    0.0150    0.0300


succ_low =

         0   -0.2851   -0.5704
         0   -0.0170   -0.0381
         0   -0.0150   -0.0300


succ_up =

         0   -0.2549   -0.5094
         0    0.0170    0.0381
         0    0.0150    0.0300


succ_low =

         0   -0.1501   -0.3002
         0   -0.0160   -0.0340
         0   -0.0150   -0.0300


succ_up =

         0   -0.1199   -0.2397
         0    0.0160    0.0340
         0    0.0150    0.0300


succ_low =

         0   -0.0150   -0.0300
         0   -0.0150   -0.0300
         0   -0.0150   -0.0300


succ_up =

         0    0.0150    0.0300
         0    0.0150    0.0300
         0    0.0150    0.0300


succ_low =

         0    0.1199    0.2397
         0   -0.0160   -0.0340
         0   -0.0150   -0.0300


succ_up =

         0    0.1501    0.3002
         0    0.0160    0.0340
         0    0.0150    0.0300


succ_low =

         0    0.2549    0.5094
         0   -0.0170   -0.0381
         0   -0.0150   -0.0300


succ_up =

         0    0.2851    0.5704
         0    0.0170    0.0381
         0    0.0150    0.0300


succ_low =

         0    0.2547    0.5088
         0    0.0205    0.0369
         0   -0.0150   -0.0300


succ_up =

         0    0.2853    0.5710
         0    0.0545    0.1131
         0    0.0150    0.0300


succ_low =

         0    0.1197    0.2388
         0    0.0215    0.0409
         0   -0.0150   -0.0300


succ_up =

         0    0.1503    0.3011
         0    0.0535    0.1090
         0    0.0150    0.0300


succ_low =

         0   -0.0153   -0.0311
         0    0.0225    0.0449
         0   -0.0150   -0.0300


succ_up =

         0    0.0153    0.0311
         0    0.0525    0.1051
         0    0.0150    0.0300


succ_low =

         0   -0.1503   -0.3011
         0    0.0215    0.0409
         0   -0.0150   -0.0300


succ_up =

         0   -0.1197   -0.2388
         0    0.0535    0.1090
         0    0.0150    0.0300


succ_low =

         0   -0.2853   -0.5710
         0    0.0205    0.0369
         0   -0.0150   -0.0300


succ_up =

         0   -0.2547   -0.5088
         0    0.0545    0.1131
         0    0.0150    0.0300


succ_low =

         0   -0.2856   -0.5722
         0    0.0580    0.1119
         0   -0.0150   -0.0300


succ_up =

         0   -0.2544   -0.5077
         0    0.0920    0.1881
         0    0.0150    0.0300


succ_low =

         0   -0.1506   -0.3022
         0    0.0590    0.1159
         0   -0.0150   -0.0300


succ_up =

         0   -0.1194   -0.2377
         0    0.0910    0.1840
         0    0.0150    0.0300


succ_low =

         0   -0.0156   -0.0322
         0    0.0600    0.1198
         0   -0.0150   -0.0300


succ_up =

         0    0.0156    0.0322
         0    0.0900    0.1801
         0    0.0150    0.0300


succ_low =

         0    0.1194    0.2377
         0    0.0590    0.1159
         0   -0.0150   -0.0300


succ_up =

         0    0.1506    0.3022
         0    0.0910    0.1840
         0    0.0150    0.0300


succ_low =

         0    0.2544    0.5077
         0    0.0580    0.1119
         0   -0.0150   -0.0300


succ_up =

         0    0.2856    0.5722
         0    0.0920    0.1881
         0    0.0150    0.0300


succ_low =

         0    0.2513    0.4936
         0    0.0681    0.1520
         0    0.0600    0.1200


succ_up =

         0    0.2826    0.5597
         0    0.1020    0.2277
         0    0.0900    0.1800


succ_low =

         0    0.1164    0.2251
         0    0.0640    0.1358
         0    0.0600    0.1200


succ_up =

         0    0.1477    0.2904
         0    0.0960    0.2034
         0    0.0900    0.1800


succ_low =

         0   -0.0184   -0.0435
         0    0.0599    0.1192
         0    0.0600    0.1200


succ_up =

         0    0.0128    0.0210
         0    0.0900    0.1796
         0    0.0900    0.1800


succ_low =

         0   -0.1532   -0.3120
         0    0.0538    0.0950
         0    0.0600    0.1200


succ_up =

         0   -0.1222   -0.2483
         0    0.0859    0.1635
         0    0.0900    0.1800


succ_low =

         0   -0.2880   -0.5806
         0    0.0478    0.0707
         0    0.0600    0.1200


succ_up =

         0   -0.2571   -0.5177
         0    0.0819    0.1473
         0    0.0900    0.1800


succ_low =

         0   -0.2865   -0.5745
         0    0.0103   -0.0039
         0    0.0600    0.1200


succ_up =

         0   -0.2558   -0.5125
         0    0.0444    0.0725
         0    0.0900    0.1800


succ_low =

         0   -0.1515   -0.3053
         0    0.0164    0.0204
         0    0.0600    0.1200


succ_up =

         0   -0.1210   -0.2438
         0    0.0484    0.0886
         0    0.0900    0.1800


succ_low =

         0   -0.0167   -0.0367
         0    0.0224    0.0446
         0    0.0600    0.1200


succ_up =

         0    0.0139    0.0255
         0    0.0525    0.1048
         0    0.0900    0.1800


succ_low =

         0    0.1181    0.2318
         0    0.0265    0.0610
         0    0.0600    0.1200


succ_up =

         0    0.1488    0.2949
         0    0.0585    0.1288
         0    0.0900    0.1800


succ_low =

         0    0.2529    0.5004
         0    0.0306    0.0772
         0    0.0600    0.1200


succ_up =

         0    0.2837    0.5642
         0    0.0646    0.1531
         0    0.0900    0.1800


succ_low =

         0    0.2546    0.5071
         0   -0.0069    0.0024
         0    0.0600    0.1200


succ_up =

         0    0.2848    0.5687
         0    0.0271    0.0785
         0    0.0900    0.1800


succ_low =

         0    0.1198    0.2385
         0   -0.0110   -0.0138
         0    0.0600    0.1200


succ_up =

         0    0.1499    0.2994
         0    0.0211    0.0542
         0    0.0900    0.1800


succ_low =

         0   -0.0150   -0.0300
         0   -0.0150   -0.0300
         0    0.0600    0.1200


succ_up =

         0    0.0150    0.0300
         0    0.0150    0.0300
         0    0.0900    0.1800


succ_low =

         0   -0.1499   -0.2994
         0   -0.0211   -0.0542
         0    0.0600    0.1200


succ_up =

         0   -0.1198   -0.2385
         0    0.0110    0.0138
         0    0.0900    0.1800


succ_low =

         0   -0.2848   -0.5687
         0   -0.0271   -0.0785
         0    0.0600    0.1200


succ_up =

         0   -0.2546   -0.5071
         0    0.0069   -0.0024
         0    0.0900    0.1800


succ_low =

         0   -0.2837   -0.5642
         0   -0.0646   -0.1531
         0    0.0600    0.1200


succ_up =

         0   -0.2529   -0.5004
         0   -0.0306   -0.0772
         0    0.0900    0.1800


succ_low =

         0   -0.1488   -0.2949
         0   -0.0585   -0.1288
         0    0.0600    0.1200


succ_up =

         0   -0.1181   -0.2318
         0   -0.0265   -0.0610
         0    0.0900    0.1800


succ_low =

         0   -0.0139   -0.0255
         0   -0.0525   -0.1048
         0    0.0600    0.1200


succ_up =

         0    0.0167    0.0367
         0   -0.0224   -0.0446
         0    0.0900    0.1800


succ_low =

         0    0.1210    0.2438
         0   -0.0484   -0.0886
         0    0.0600    0.1200


succ_up =

         0    0.1515    0.3053
         0   -0.0164   -0.0204
         0    0.0900    0.1800


succ_low =

         0    0.2558    0.5125
         0   -0.0444   -0.0725
         0    0.0600    0.1200


succ_up =

         0    0.2865    0.5745
         0   -0.0103    0.0039
         0    0.0900    0.1800


succ_low =

         0    0.2571    0.5177
         0   -0.0819   -0.1473
         0    0.0600    0.1200


succ_up =

         0    0.2880    0.5806
         0   -0.0478   -0.0707
         0    0.0900    0.1800


succ_low =

         0    0.1222    0.2483
         0   -0.0859   -0.1635
         0    0.0600    0.1200


succ_up =

         0    0.1532    0.3120
         0   -0.0538   -0.0950
         0    0.0900    0.1800


succ_low =

         0   -0.0128   -0.0210
         0   -0.0900   -0.1796
         0    0.0600    0.1200


succ_up =

         0    0.0184    0.0435
         0   -0.0599   -0.1192
         0    0.0900    0.1800


succ_low =

         0   -0.1477   -0.2904
         0   -0.0960   -0.2034
         0    0.0600    0.1200


succ_up =

         0   -0.1164   -0.2251
         0   -0.0640   -0.1358
         0    0.0900    0.1800


succ_low =

         0   -0.2826   -0.5597
         0   -0.1020   -0.2277
         0    0.0600    0.1200


succ_up =

         0   -0.2513   -0.4936
         0   -0.0681   -0.1520
         0    0.0900    0.1800


succ_low =

         0   -0.2791   -0.5433
         0   -0.1119   -0.2656
         0    0.1350    0.2700


succ_up =

         0   -0.2476   -0.4757
         0   -0.0780   -0.1906
         0    0.1650    0.3300


succ_low =

         0   -0.1445   -0.2766
         0   -0.1008   -0.2214
         0    0.1350    0.2700


succ_up =

         0   -0.1132   -0.2106
         0   -0.0689   -0.1544
         0    0.1650    0.3300


succ_low =

         0   -0.0099   -0.0099
         0   -0.0898   -0.1782
         0    0.1350    0.2700


succ_up =

         0    0.0212    0.0545
         0   -0.0597   -0.1173
         0    0.1650    0.3300


succ_low =

         0    0.1246    0.2569
         0   -0.0807   -0.1420
         0    0.1350    0.2700


succ_up =

         0    0.1556    0.3197
         0   -0.0485   -0.0731
         0    0.1650    0.3300


succ_low =

         0    0.2590    0.5226
         0   -0.0716   -0.1057
         0    0.1350    0.2700


succ_up =

         0    0.2902    0.5858
         0   -0.0374   -0.0290
         0    0.1650    0.3300


succ_low =

         0    0.2563    0.5103
         0   -0.0342   -0.0316
         0    0.1350    0.2700


succ_up =

         0    0.2873    0.5758
         0   -0.0001    0.0446
         0    0.1650    0.3300


succ_low =

         0    0.1220    0.2463
         0   -0.0433   -0.0679
         0    0.1350    0.2700


succ_up =

         0    0.1526    0.3079
         0   -0.0112    0.0005
         0    0.1650    0.3300


succ_low =

         0   -0.0125   -0.0199
         0   -0.0524   -0.1041
         0    0.1350    0.2700


succ_up =

         0    0.0181    0.0423
         0   -0.0223   -0.0436
         0    0.1650    0.3300


succ_low =

         0   -0.1471   -0.2867
         0   -0.0634   -0.1478
         0    0.1350    0.2700


succ_up =

         0   -0.1163   -0.2229
         0   -0.0315   -0.0803
         0    0.1650    0.3300


succ_low =

         0   -0.2817   -0.5534
         0   -0.0746   -0.1919
         0    0.1350    0.2700


succ_up =

         0   -0.2507   -0.4880
         0   -0.0406   -0.1166
         0    0.1650    0.3300


succ_low =

         0   -0.2842   -0.5635
         0   -0.0372   -0.1183
         0    0.1350    0.2700


succ_up =

         0   -0.2538   -0.5003
         0   -0.0032   -0.0425
         0    0.1650    0.3300


succ_low =

         0   -0.1496   -0.2967
         0   -0.0261   -0.0741
         0    0.1350    0.2700


succ_up =

         0   -0.1194   -0.2351
         0    0.0059   -0.0062
         0    0.1650    0.3300


succ_low =

         0   -0.0150   -0.0300
         0   -0.0150   -0.0300
         0    0.1350    0.2700


succ_up =

         0    0.0150    0.0300
         0    0.0150    0.0300
         0    0.1650    0.3300


succ_low =

         0    0.1194    0.2351
         0   -0.0059    0.0062
         0    0.1350    0.2700


succ_up =

         0    0.1496    0.2967
         0    0.0261    0.0741
         0    0.1650    0.3300


succ_low =

         0    0.2538    0.5003
         0    0.0032    0.0425
         0    0.1350    0.2700


succ_up =

         0    0.2842    0.5635
         0    0.0372    0.1183
         0    0.1650    0.3300


succ_low =

         0    0.2507    0.4880
         0    0.0406    0.1166
         0    0.1350    0.2700


succ_up =

         0    0.2817    0.5534
         0    0.0746    0.1919
         0    0.1650    0.3300


succ_low =

         0    0.1163    0.2229
         0    0.0315    0.0803
         0    0.1350    0.2700


succ_up =

         0    0.1471    0.2867
         0    0.0634    0.1478
         0    0.1650    0.3300


succ_low =

         0   -0.0181   -0.0423
         0    0.0223    0.0436
         0    0.1350    0.2700


succ_up =

         0    0.0125    0.0199
         0    0.0524    0.1041
         0    0.1650    0.3300


succ_low =

         0   -0.1526   -0.3079
         0    0.0112   -0.0005
         0    0.1350    0.2700


succ_up =

         0   -0.1220   -0.2463
         0    0.0433    0.0679
         0    0.1650    0.3300


succ_low =

         0   -0.2873   -0.5758
         0    0.0001   -0.0446
         0    0.1350    0.2700


succ_up =

         0   -0.2563   -0.5103
         0    0.0342    0.0316
         0    0.1650    0.3300


succ_low =

         0   -0.2902   -0.5858
         0    0.0374    0.0290
         0    0.1350    0.2700


succ_up =

         0   -0.2590   -0.5226
         0    0.0716    0.1057
         0    0.1650    0.3300


succ_low =

         0   -0.1556   -0.3197
         0    0.0485    0.0731
         0    0.1350    0.2700


succ_up =

         0   -0.1246   -0.2569
         0    0.0807    0.1420
         0    0.1650    0.3300


succ_low =

         0   -0.0212   -0.0545
         0    0.0597    0.1173
         0    0.1350    0.2700


succ_up =

         0    0.0099    0.0099
         0    0.0898    0.1782
         0    0.1650    0.3300


succ_low =

         0    0.1132    0.2106
         0    0.0689    0.1544
         0    0.1350    0.2700


succ_up =

         0    0.1445    0.2766
         0    0.1008    0.2214
         0    0.1650    0.3300


succ_low =

         0    0.2476    0.4757
         0    0.0780    0.1906
         0    0.1350    0.2700


succ_up =

         0    0.2791    0.5433
         0    0.1119    0.2656
         0    0.1650    0.3300


Building the reduced symbolic model (using translational symmetry): 1.386623 seconds
Symbolic_reduced:  [[[[ 0.      -0.2902  -0.58577]
   [ 0.      -0.07158 -0.10573]
   [ 0.      -0.165   -0.33   ]
   [ 0.      -0.25899 -0.5226 ]
   [ 0.      -0.03744 -0.029  ]
   [ 0.      -0.135   -0.27   ]]

  [[ 0.      -0.15556 -0.31965]
   [ 0.      -0.08067 -0.14196]
   [ 0.      -0.165   -0.33   ]
   [ 0.      -0.12465 -0.25686]
   [ 0.      -0.04855 -0.07315]
   [ 0.      -0.135   -0.27   ]]

  [[ 0.      -0.02117 -0.05453]
   [ 0.      -0.08977 -0.17818]
   [ 0.      -0.165   -0.33   ]
   [ 0.       0.00995  0.00987]
   [ 0.      -0.05966 -0.11729]
   [ 0.      -0.135   -0.27   ]]

  ...

  [[ 0.      -0.02117 -0.05453]
   [ 0.       0.05966  0.11729]
   [ 0.       0.135    0.27   ]
   [ 0.       0.00995  0.00987]
   [ 0.       0.08977  0.17818]
   [ 0.       0.165    0.33   ]]

  [[ 0.       0.11321  0.2106 ]
   [ 0.       0.06887  0.15441]
   [ 0.       0.135    0.27   ]
   [ 0.       0.14454  0.2766 ]
   [ 0.       0.10077  0.22144]
   [ 0.       0.165    0.33   ]]

  [[ 0.       0.2476   0.47573]
   [ 0.       0.07797  0.19064]
   [ 0.       0.135    0.27   ]
   [ 0.       0.27913  0.54334]
   [ 0.       0.11188  0.26559]
   [ 0.       0.165    0.33   ]]]]
U_discrete:  [[-0.18  -0.09   0.     0.09   0.18   0.18   0.09   0.    -0.09  -0.18
  -0.18  -0.09   0.     0.09   0.18   0.18   0.09   0.    -0.09  -0.18
  -0.18  -0.09   0.     0.09   0.18   0.18   0.09   0.    -0.09  -0.18
  -0.18  -0.09   0.     0.09   0.18   0.18   0.09   0.    -0.09  -0.18
  -0.18  -0.09   0.     0.09   0.18   0.18   0.09   0.    -0.09  -0.18
  -0.18  -0.09   0.     0.09   0.18   0.18   0.09   0.    -0.09  -0.18
  -0.18  -0.09   0.     0.09   0.18   0.18   0.09   0.    -0.09  -0.18
  -0.18  -0.09   0.     0.09   0.18   0.18   0.09   0.    -0.09  -0.18
  -0.18  -0.09   0.     0.09   0.18   0.18   0.09   0.    -0.09  -0.18
  -0.18  -0.09   0.     0.09   0.18   0.18   0.09   0.    -0.09  -0.18
  -0.18  -0.09   0.     0.09   0.18   0.18   0.09   0.    -0.09  -0.18
  -0.18  -0.09   0.     0.09   0.18   0.18   0.09   0.    -0.09  -0.18
  -0.18  -0.09   0.     0.09   0.18 ]
 [-0.05  -0.05  -0.05  -0.05  -0.05  -0.025 -0.025 -0.025 -0.025 -0.025
   0.     0.     0.     0.     0.     0.025  0.025  0.025  0.025  0.025
   0.05   0.05   0.05   0.05   0.05   0.05   0.05   0.05   0.05   0.05
   0.025  0.025  0.025  0.025  0.025  0.     0.     0.     0.     0.
  -0.025 -0.025 -0.025 -0.025 -0.025 -0.05  -0.05  -0.05  -0.05  -0.05
  -0.05  -0.05  -0.05  -0.05  -0.05  -0.025 -0.025 -0.025 -0.025 -0.025
   0.     0.     0.     0.     0.     0.025  0.025  0.025  0.025  0.025
   0.05   0.05   0.05   0.05   0.05   0.05   0.05   0.05   0.05   0.05
   0.025  0.025  0.025  0.025  0.025  0.     0.     0.     0.     0.
  -0.025 -0.025 -0.025 -0.025 -0.025 -0.05  -0.05  -0.05  -0.05  -0.05
  -0.05  -0.05  -0.05  -0.05  -0.05  -0.025 -0.025 -0.025 -0.025 -0.025
   0.     0.     0.     0.     0.     0.025  0.025  0.025  0.025  0.025
   0.05   0.05   0.05   0.05   0.05 ]
 [-0.1   -0.1   -0.1   -0.1   -0.1   -0.1   -0.1   -0.1   -0.1   -0.1
  -0.1   -0.1   -0.1   -0.1   -0.1   -0.1   -0.1   -0.1   -0.1   -0.1
  -0.1   -0.1   -0.1   -0.1   -0.1   -0.05  -0.05  -0.05  -0.05  -0.05
  -0.05  -0.05  -0.05  -0.05  -0.05  -0.05  -0.05  -0.05  -0.05  -0.05
  -0.05  -0.05  -0.05  -0.05  -0.05  -0.05  -0.05  -0.05  -0.05  -0.05
   0.     0.     0.     0.     0.     0.     0.     0.     0.     0.
   0.     0.     0.     0.     0.     0.     0.     0.     0.     0.
   0.     0.     0.     0.     0.     0.05   0.05   0.05   0.05   0.05
   0.05   0.05   0.05   0.05   0.05   0.05   0.05   0.05   0.05   0.05
   0.05   0.05   0.05   0.05   0.05   0.05   0.05   0.05   0.05   0.05
   0.1    0.1    0.1    0.1    0.1    0.1    0.1    0.1    0.1    0.1
   0.1    0.1    0.1    0.1    0.1    0.1    0.1    0.1    0.1    0.1
   0.1    0.1    0.1    0.1    0.1  ]]
unsafe_trans:  nan

%s	Start of the symmetry abstraction 
 9.5367431640625e-07
